0.0032672882080078125
0.004320859909057617
0.01319432258605957
0.01120448112487793
0.011468648910522461
0.01286935806274414
0.013423442840576172
0.013877630233764648
0.013982534408569336
0.01483607292175293
0.015201568603515625
0.015615701675415039
0.016140460968017578
0.01602339744567871
0.01632380485534668
0.0159761905670166
0.016409635543823242
0.01730203628540039
0.017484188079833984
0.01741790771484375
0.017380714416503906
0.01763296127319336
0.013349533081054688
0.013348579406738281
0.013243913650512695
0.012381315231323242
0.012386798858642578
0.016686439514160156
0.017843961715698242
0.01702713966369629
0.016903162002563477
0.01659536361694336
0.01719212532043457
0.0178985595703125
0.019759178161621094
0.020824193954467773
0.020864248275756836
0.020034074783325195
0.02025604248046875
0.020528554916381836
0.02138042449951172
0.02205657958984375
0.022754430770874023
0.022795677185058594
0.022215843200683594
0.022170543670654297
0.021832942962646484
0.017666339874267578
0.016678571701049805
0.016720294952392578
0.01679515838623047
0.0170900821685791
0.016167402267456055
0.014859676361083984
0.014549970626831055
0.013524770736694336
0.013393402099609375
0.013430595397949219
0.013691902160644531
0.01380157470703125
0.013486623764038086
0.013034820556640625
0.014101982116699219
0.015241861343383789
0.015995025634765625
0.016552448272705078
0.016509056091308594
0.016412734985351562
0.032816410064697266
0.031033992767333984
0.02762603759765625
0.026225566864013672
0.020738840103149414
0.033850669860839844
0.03148794174194336
0.030011415481567383
0.030032634735107422
0.02652716636657715
0.026014328002929688
0.020322084426879883
0.019815683364868164
0.03394651412963867
0.02913665771484375
0.02190876007080078
0.03145432472229004
0.003789663314819336
0.026609182357788086
0.004910707473754883
0.003535032272338867
0.03785896301269531
0.0038111209869384766
0.003729104995727539
0.005063533782958984
0.005666017532348633
0.007590770721435547
0.0060579776763916016
0.004774332046508789
0.006488323211669922
0.004199981689453125
0.009824514389038086
